# Image list with two lines of data per image:
#   IMAGE_ID, QW, QX, QY, QZ, TX, TY, TZ, CAMERA_ID, NAME
#   POINTS2D[] as (X, Y, POINT3D_ID)
1 0.504026 0.499064 -0.503837 0.492992 0.041052 0.076098 -0.066693 1 00001.png
0.0 0.0 -1
2 0.504029 0.499030 -0.503855 0.493005 0.041706 0.075593 -0.066144 1 00002.png
0.0 0.0 -1
3 0.504026 0.499030 -0.503846 0.493018 0.041915 0.075600 -0.066440 1 00003.png
0.0 0.0 -1
4 0.504031 0.499041 -0.503819 0.493030 0.041480 0.075224 -0.066569 1 00004.png
0.0 0.0 -1
5 0.504028 0.499041 -0.503836 0.493015 0.041555 0.075459 -0.066385 1 00005.png
0.0 0.0 -1
6 0.504019 0.499044 -0.503834 0.493023 0.041817 0.075625 -0.066435 1 00006.png
0.0 0.0 -1
7 0.504019 0.499049 -0.503822 0.493030 0.041650 0.075459 -0.066362 1 00007.png
0.0 0.0 -1
8 0.504018 0.499038 -0.503833 0.493032 0.041782 0.075299 -0.065953 1 00008.png
0.0 0.0 -1
9 0.504023 0.499013 -0.503838 0.493047 0.042387 0.074922 -0.065615 1 00009.png
0.0 0.0 -1
10 0.504029 0.499023 -0.503824 0.493044 0.042091 0.074973 -0.066009 1 00010.png
0.0 0.0 -1
11 0.504025 0.499031 -0.503833 0.493030 0.042017 0.075307 -0.066291 1 00011.png
0.0 0.0 -1
12 0.504018 0.499030 -0.503817 0.493055 0.042161 0.074743 -0.065586 1 00012.png
0.0 0.0 -1
13 0.504018 0.499036 -0.503805 0.493062 0.042107 0.074758 -0.065803 1 00013.png
0.0 0.0 -1
14 0.504010 0.499021 -0.503817 0.493072 0.042483 0.074492 -0.065494 1 00014.png
0.0 0.0 -1
15 0.504018 0.499002 -0.503820 0.493080 0.042728 0.074098 -0.065392 1 00015.png
0.0 0.0 -1
16 0.504026 0.499016 -0.503820 0.493058 0.042382 0.074657 -0.065708 1 00016.png
0.0 0.0 -1
17 0.504018 0.499011 -0.503836 0.493055 0.042727 0.074719 -0.065360 1 00017.png
0.0 0.0 -1
18 0.503999 0.499010 -0.503849 0.493062 0.043028 0.074767 -0.065418 1 00018.png
0.0 0.0 -1
19 0.504010 0.499015 -0.503812 0.493084 0.042696 0.074347 -0.065395 1 00019.png
0.0 0.0 -1
20 0.504008 0.499027 -0.503825 0.493060 0.042478 0.074828 -0.065715 1 00020.png
0.0 0.0 -1
21 0.504000 0.499013 -0.503849 0.493058 0.042786 0.074960 -0.065648 1 00021.png
0.0 0.0 -1
22 0.504025 0.499008 -0.503800 0.493089 0.042538 0.073870 -0.065398 1 00022.png
0.0 0.0 -1
23 0.504002 0.498999 -0.503823 0.493097 0.043168 0.074194 -0.065273 1 00023.png
0.0 0.0 -1
24 0.504006 0.498997 -0.503826 0.493092 0.043168 0.074095 -0.065151 1 00024.png
0.0 0.0 -1
25 0.504000 0.499012 -0.503835 0.493075 0.042989 0.074575 -0.065493 1 00025.png
0.0 0.0 -1
26 0.504002 0.499032 -0.503818 0.493069 0.042475 0.074917 -0.065847 1 00026.png
0.0 0.0 -1
27 0.504007 0.499028 -0.503820 0.493065 0.042383 0.074840 -0.065884 1 00027.png
0.0 0.0 -1
28 0.504000 0.499010 -0.503867 0.493042 0.042939 0.075364 -0.065570 1 00028.png
0.0 0.0 -1
29 0.504004 0.499009 -0.503848 0.493059 0.043050 0.075105 -0.065347 1 00029.png
0.0 0.0 -1
30 0.504001 0.499010 -0.503825 0.493085 0.043079 0.074519 -0.065188 1 00030.png
0.0 0.0 -1
31 0.504002 0.499014 -0.503826 0.493078 0.042767 0.074584 -0.065398 1 00031.png
0.0 0.0 -1
32 0.504011 0.499024 -0.503812 0.493074 0.042585 0.074667 -0.065640 1 00032.png
0.0 0.0 -1
33 0.504005 0.499022 -0.503827 0.493067 0.042749 0.074926 -0.065665 1 00033.png
0.0 0.0 -1
34 0.504011 0.499008 -0.503824 0.493078 0.042849 0.074406 -0.065264 1 00034.png
0.0 0.0 -1
35 0.504010 0.498987 -0.503828 0.493096 0.043412 0.074084 -0.065047 1 00035.png
0.0 0.0 -1
36 0.504010 0.498984 -0.503825 0.493102 0.043468 0.074038 -0.064913 1 00036.png
0.0 0.0 -1
37 0.504008 0.499002 -0.503817 0.493094 0.043082 0.074139 -0.065318 1 00037.png
0.0 0.0 -1
38 0.503998 0.499014 -0.503842 0.493066 0.043149 0.074862 -0.065262 1 00038.png
0.0 0.0 -1
39 0.504009 0.498997 -0.503822 0.493093 0.043468 0.074162 -0.064708 1 00039.png
0.0 0.0 -1
40 0.504024 0.499014 -0.503797 0.493086 0.042568 0.074080 -0.065430 1 00040.png
0.0 0.0 -1
41 0.504012 0.499014 -0.503853 0.493041 0.042771 0.075137 -0.065142 1 00041.png
0.0 0.0 -1
42 0.504021 0.499024 -0.503833 0.493042 0.042351 0.075191 -0.065743 1 00042.png
0.0 0.0 -1
43 0.504023 0.499026 -0.503806 0.493067 0.042307 0.074601 -0.065765 1 00043.png
0.0 0.0 -1
44 0.504016 0.499025 -0.503814 0.493066 0.042399 0.074497 -0.065545 1 00044.png
0.0 0.0 -1
45 0.504021 0.499017 -0.503791 0.493092 0.042585 0.073970 -0.065427 1 00045.png
0.0 0.0 -1
46 0.504019 0.499022 -0.503770 0.493110 0.042321 0.073665 -0.065581 1 00046.png
0.0 0.0 -1
47 0.504023 0.499021 -0.503789 0.493088 0.042164 0.073910 -0.065680 1 00047.png
0.0 0.0 -1
48 0.504025 0.499016 -0.503814 0.493066 0.042376 0.074441 -0.065678 1 00048.png
0.0 0.0 -1
49 0.504030 0.499016 -0.503791 0.493084 0.042272 0.074104 -0.065837 1 00049.png
0.0 0.0 -1
50 0.504025 0.499017 -0.503794 0.493085 0.042290 0.074014 -0.065597 1 00050.png
0.0 0.0 -1
51 0.504007 0.499013 -0.503827 0.493074 0.042840 0.074565 -0.065305 1 00051.png
0.0 0.0 -1
52 0.504006 0.499019 -0.503825 0.493070 0.042953 0.074780 -0.065232 1 00052.png
0.0 0.0 -1
53 0.504012 0.499033 -0.503809 0.493067 0.042436 0.074612 -0.065313 1 00053.png
0.0 0.0 -1
54 0.504027 0.499020 -0.503798 0.493076 0.042303 0.074071 -0.065489 1 00054.png
0.0 0.0 -1
55 0.504024 0.499010 -0.503784 0.493104 0.042644 0.073735 -0.065273 1 00055.png
0.0 0.0 -1
56 0.504019 0.499004 -0.503784 0.493115 0.042858 0.073528 -0.065142 1 00056.png
0.0 0.0 -1
57 0.504005 0.499023 -0.503813 0.493080 0.042794 0.074487 -0.065130 1 00057.png
0.0 0.0 -1
58 0.504007 0.499010 -0.503813 0.493090 0.043027 0.074371 -0.064958 1 00058.png
0.0 0.0 -1
59 0.504009 0.499015 -0.503791 0.493107 0.042924 0.073971 -0.065174 1 00059.png
0.0 0.0 -1
60 0.504015 0.499008 -0.503796 0.493103 0.042788 0.073840 -0.065082 1 00060.png
0.0 0.0 -1
61 0.504020 0.499013 -0.503801 0.493088 0.042794 0.074068 -0.064913 1 00061.png
0.0 0.0 -1
62 0.504026 0.499004 -0.503804 0.493087 0.042934 0.074048 -0.064991 1 00062.png
0.0 0.0 -1
63 0.504017 0.499010 -0.503779 0.493115 0.042726 0.073528 -0.065184 1 00063.png
0.0 0.0 -1
64 0.504010 0.499015 -0.503777 0.493121 0.042823 0.073549 -0.065036 1 00064.png
0.0 0.0 -1
65 0.504009 0.499034 -0.503793 0.493086 0.042671 0.074334 -0.064926 1 00065.png
0.0 0.0 -1
66 0.504002 0.499026 -0.503835 0.493058 0.042865 0.075001 -0.065152 1 00066.png
0.0 0.0 -1
67 0.504005 0.499009 -0.503841 0.493065 0.043130 0.074764 -0.064706 1 00067.png
0.0 0.0 -1
68 0.503995 0.499028 -0.503796 0.493102 0.042661 0.074273 -0.065033 1 00068.png
0.0 0.0 -1
69 0.504028 0.499033 -0.503778 0.493082 0.042160 0.074037 -0.065292 1 00069.png
0.0 0.0 -1
70 0.504020 0.499018 -0.503761 0.493122 0.042498 0.073177 -0.064998 1 00070.png
0.0 0.0 -1
71 0.504015 0.499027 -0.503777 0.493102 0.042498 0.073799 -0.065277 1 00071.png
0.0 0.0 -1
72 0.504011 0.499032 -0.503829 0.493048 0.042487 0.075151 -0.065685 1 00072.png
0.0 0.0 -1
73 0.504023 0.499018 -0.503798 0.493082 0.042675 0.073852 -0.064932 1 00073.png
0.0 0.0 -1
74 0.504021 0.499019 -0.503763 0.493119 0.042435 0.073245 -0.064935 1 00074.png
0.0 0.0 -1
75 0.504036 0.499013 -0.503754 0.493118 0.042315 0.073153 -0.065231 1 00075.png
0.0 0.0 -1
76 0.504022 0.499035 -0.503812 0.493052 0.041913 0.074853 -0.065719 1 00076.png
0.0 0.0 -1
77 0.504021 0.499042 -0.503796 0.493061 0.042155 0.074531 -0.065364 1 00077.png
0.0 0.0 -1
78 0.504013 0.499040 -0.503819 0.493049 0.042246 0.075138 -0.065467 1 00078.png
0.0 0.0 -1
79 0.504034 0.499049 -0.503764 0.493074 0.041616 0.074043 -0.065197 1 00079.png
0.0 0.0 -1
80 0.504043 0.499028 -0.503756 0.493094 0.041962 0.073280 -0.065073 1 00080.png
0.0 0.0 -1
81 0.504047 0.499034 -0.503735 0.493106 0.041628 0.073271 -0.065368 1 00081.png
0.0 0.0 -1
82 0.504039 0.499028 -0.503716 0.493138 0.041820 0.072572 -0.065183 1 00082.png
0.0 0.0 -1
83 0.504031 0.499020 -0.503740 0.493132 0.042329 0.072612 -0.064796 1 00083.png
0.0 0.0 -1
84 0.504013 0.499033 -0.503733 0.493143 0.042228 0.072925 -0.064922 1 00084.png
0.0 0.0 -1
85 0.504029 0.499042 -0.503775 0.493075 0.041799 0.074222 -0.065387 1 00085.png
0.0 0.0 -1
86 0.504022 0.499052 -0.503778 0.493068 0.041672 0.074260 -0.065175 1 00086.png
0.0 0.0 -1
87 0.504042 0.499024 -0.503793 0.493061 0.042142 0.074175 -0.065218 1 00087.png
0.0 0.0 -1
88 0.504031 0.499036 -0.503748 0.493107 0.041929 0.073467 -0.064992 1 00088.png
0.0 0.0 -1
89 0.504020 0.499054 -0.503747 0.493101 0.041770 0.073647 -0.065195 1 00089.png
0.0 0.0 -1
90 0.504037 0.499057 -0.503780 0.493048 0.041383 0.074630 -0.065944 1 00090.png
0.0 0.0 -1
91 0.504024 0.499054 -0.503822 0.493020 0.041689 0.075667 -0.065757 1 00091.png
0.0 0.0 -1
92 0.504022 0.499028 -0.503807 0.493065 0.042553 0.074426 -0.064983 1 00092.png
0.0 0.0 -1
93 0.504035 0.499022 -0.503755 0.493110 0.042189 0.073057 -0.064797 1 00093.png
0.0 0.0 -1
94 0.504041 0.499024 -0.503757 0.493099 0.042060 0.073465 -0.064937 1 00094.png
0.0 0.0 -1
95 0.503901 0.499146 -0.503806 0.493068 0.042096 0.074813 -0.065302 1 00095.png
0.0 0.0 -1
96 0.503922 0.499109 -0.503795 0.493096 0.042193 0.073862 -0.064515 1 00096.png
0.0 0.0 -1
97 0.503970 0.499064 -0.503793 0.493095 0.042339 0.073883 -0.064762 1 00097.png
0.0 0.0 -1
98 0.504008 0.499056 -0.503783 0.493074 0.041869 0.074243 -0.065306 1 00098.png
0.0 0.0 -1
99 0.503914 0.499165 -0.503842 0.493000 0.042008 0.075199 -0.065255 1 00099.png
0.0 0.0 -1
100 0.503855 0.499151 -0.503859 0.493057 0.041984 0.075226 -0.065265 1 00100.png
0.0 0.0 -1
101 0.504408 0.498953 -0.503718 0.492836 0.041736 0.074393 -0.066536 1 00101.png
0.0 0.0 -1
102 0.505961 0.498232 -0.503448 0.492250 0.040772 0.073157 -0.065858 1 00102.png
0.0 0.0 -1
103 0.507668 0.496021 -0.504076 0.492082 0.040132 0.072691 -0.064708 1 00103.png
0.0 0.0 -1
104 0.507345 0.493243 -0.506725 0.492486 0.040109 0.073166 -0.065844 1 00104.png
0.0 0.0 -1
105 0.510664 0.488590 -0.514794 0.485272 0.036950 0.074529 -0.067347 1 00105.png
0.0 0.0 -1
106 0.510821 0.483757 -0.524806 0.479187 0.033277 0.079657 -0.071437 1 00106.png
0.0 0.0 -1
107 0.505716 0.482502 -0.526575 0.483902 0.034773 0.086465 -0.071688 1 00107.png
0.0 0.0 -1
108 0.505132 0.480757 -0.517312 0.496088 0.034379 0.106015 -0.071113 1 00108.png
0.0 0.0 -1
109 0.512455 0.476152 -0.507259 0.503347 0.037033 0.132137 -0.064711 1 00109.png
0.0 0.0 -1
110 0.515937 0.471805 -0.501398 0.509715 0.040619 0.156918 -0.061779 1 00110.png
0.0 0.0 -1
111 0.516003 0.468853 -0.499442 0.514272 0.044111 0.190686 -0.055768 1 00111.png
0.0 0.0 -1
112 0.510185 0.469216 -0.504726 0.514588 0.045656 0.227921 -0.053889 1 00112.png
0.0 0.0 -1
113 0.504122 0.474404 -0.508382 0.512200 0.047307 0.275313 -0.052722 1 00113.png
0.0 0.0 -1
114 0.503744 0.475798 -0.508482 0.511179 0.051946 0.328414 -0.051916 1 00114.png
0.0 0.0 -1
115 0.505578 0.474229 -0.506819 0.512478 0.060864 0.392656 -0.051540 1 00115.png
0.0 0.0 -1
116 0.508393 0.475780 -0.503120 0.511899 0.070512 0.459987 -0.052124 1 00116.png
0.0 0.0 -1
117 0.512890 0.477205 -0.496342 0.512703 0.080107 0.530008 -0.055278 1 00117.png
0.0 0.0 -1
118 0.514141 0.480900 -0.491546 0.512618 0.083888 0.599228 -0.059311 1 00118.png
0.0 0.0 -1
119 0.513375 0.485477 -0.489409 0.511114 0.089159 0.663685 -0.059305 1 00119.png
0.0 0.0 -1
120 0.511433 0.485374 -0.485464 0.516888 0.091328 0.729711 -0.064358 1 00120.png
0.0 0.0 -1
121 0.503478 0.486590 -0.486288 0.522746 0.089096 0.792713 -0.064583 1 00121.png
0.0 0.0 -1
122 0.497506 0.485384 -0.487931 0.528029 0.092816 0.851661 -0.065908 1 00122.png
0.0 0.0 -1
123 0.498375 0.479299 -0.488465 0.532256 0.109411 0.901825 -0.080706 1 00123.png
0.0 0.0 -1
124 0.501697 0.471951 -0.485389 0.538481 0.128552 0.943116 -0.104642 1 00124.png
0.0 0.0 -1
125 0.509017 0.462435 -0.481405 0.543420 0.156098 0.975796 -0.130522 1 00125.png
0.0 0.0 -1
126 0.513620 0.456770 -0.479788 0.545307 0.181348 0.993549 -0.148666 1 00126.png
0.0 0.0 -1
127 0.510217 0.456179 -0.478640 0.549985 0.189272 1.004530 -0.162980 1 00127.png
0.0 0.0 -1
128 0.504123 0.455772 -0.480719 0.554114 0.198458 1.010169 -0.170030 1 00128.png
0.0 0.0 -1
129 0.496484 0.453834 -0.487737 0.556463 0.210987 1.012412 -0.174984 1 00129.png
0.0 0.0 -1
130 0.490358 0.446605 -0.495452 0.560910 0.230756 1.014838 -0.189242 1 00130.png
0.0 0.0 -1
131 0.488485 0.433498 -0.500945 0.567905 0.253677 1.010021 -0.218611 1 00131.png
0.0 0.0 -1
132 0.484604 0.421601 -0.506136 0.575533 0.279453 1.009161 -0.241530 1 00132.png
0.0 0.0 -1
133 0.479405 0.412077 -0.510567 0.582825 0.311363 1.018316 -0.262215 1 00133.png
0.0 0.0 -1
134 0.483964 0.401031 -0.498344 0.597165 0.346957 1.019697 -0.310795 1 00134.png
0.0 0.0 -1
135 0.478674 0.403420 -0.490613 0.606153 0.379056 1.033463 -0.330491 1 00135.png
0.0 0.0 -1
